[0m[38;2;0;0;0;48;2;0;26;30m▋[48;2;0;7;8m  [38;2;0;6;7;48;2;0;0;0m▏    [38;2;0;9;10m▁[38;2;0;62;69;48;2;0;7;7m▁[38;2;0;148;165;48;2;0;8;9m▂[38;2;0;25;28;48;2;0;1;1m▂[38;2;0;4;5;48;2;0;0;0m▁                                                                                   [38;2;0;6;7m▕[48;2;0;7;8m  [38;2;0;26;30;48;2;0;0;0m▍[0m
[38;2;0;28;32;48;2;0;2;2m▝[48;2;0;0;0m   [38;2;0;2;2m▁[38;2;0;25;28;48;2;0;2;2m▁[38;2;0;104;116;48;2;0;8;9m▂[38;2;1;134;152;48;2;0;15;17m▄[38;2;5;117;136;48;2;2;83;95m▖[38;2;8;58;74;48;2;1;152;171m▅[38;2;8;63;79;48;2;1;170;192m▆[38;2;8;57;74;48;2;1;134;151m▄[38;2;3;134;154;48;2;2;73;83m▗[38;2;1;150;168;48;2;0;17;19m▃[38;2;0;95;106;48;2;0;9;10m▁[38;2;0;15;17;48;2;0;1;1m▁[48;2;0;0;0m   [38;2;0;7;9m▕[38;2;0;14;16m▏  [38;2;0;84;94;48;2;0;6;6m▕[38;2;0;221;247;48;2;0;26;29m▄[38;2;0;220;245;48;2;0;42;47m▖[38;2;0;2;2;48;2;0;0;0m▏  [38;2;0;153;171;48;2;0;4;5m▗[38;2;0;210;233;48;2;0;24;27m▄[38;2;0;207;231;48;2;0;23;26m▄[38;2;0;82;91;48;2;0;0;0m▖  [38;2;0;64;72;48;2;0;12;13m▕[38;2;0;188;209;48;2;0;23;26m▄[38;2;0;157;175;48;2;0;10;12m▄[38;2;0;16;18;48;2;0;0;0m▁[38;2;0;55;61;48;2;0;4;5m▁[38;2;0;178;197;48;2;0;15;17m▄[38;2;0;158;176;48;2;0;22;24m▄[38;2;0;31;34;48;2;0;2;2m▏[48;2;0;0;0m       [38;2;0;1;1m▁[38;2;1;2;2m▁▁▁▁  ▁▁▁  [38;2;0;1;1m▁[38;2;1;2;2m▁[38;2;0;1;1m▁    [38;2;1;2;2m▁[38;2;0;1;1m▁  ▁▁  [38;2;1;2;2m▁  [38;2;0;1;1m▁▁ ▁▁  ▁[38;2;0;0;1m▁          [38;2;0;28;32;48;2;0;2;2m▘[0m
[7m[38;2;0;0;0m [0m[38;2;0;0;0;48;2;0;0;0m  [38;2;0;10;11;48;2;0;1;1m▕[38;2;1;191;213;48;2;0;60;66m▗[38;2;6;70;87;48;2;0;125;140m▄[38;2;8;51;67;48;2;2;158;179m▆[38;2;9;39;53;48;2;7;68;85m▆[38;2;9;55;71;48;2;10;38;53m▔[38;2;10;47;62;48;2;11;39;55m▎[38;2;6;89;108;48;2;11;40;56m▔[38;2;10;44;61;48;2;10;40;56m▗[38;2;8;60;77;48;2;10;37;53m▔[38;2;5;97;115;48;2;9;43;59m▔[38;2;7;50;66;48;2;2;148;168m▅[38;2;3;79;93;48;2;1;136;155m▞[38;2;0;156;173;48;2;0;28;31m▖[38;2;0;2;2;48;2;0;0;0m▏ [38;2;0;48;55m▕[38;2;0;46;52m▎  [38;2;0;149;165;48;2;0;11;12m▕[38;2;0;213;237;48;2;0;217;242m▄[48;2;0;47;53m▋[38;2;0;5;5;48;2;0;0;0m▏ [38;2;0;57;63;48;2;0;4;4m▕[38;2;0;94;105;48;2;0;201;224m▘[38;2;0;70;78;48;2;0;198;220m▗[38;2;0;129;144;48;2;0;201;223m▖[38;2;0;37;41;48;2;0;181;202m▝[38;2;0;18;20;48;2;0;0;0m▏ [38;2;0;1;1m▔[38;2;0;147;164;48;2;0;12;13m▝[38;2;0;106;117;48;2;0;189;210m▖[38;2;0;32;35;48;2;0;172;191m▝[38;2;0;77;86;48;2;0;182;202m▘[38;2;0;51;56;48;2;0;176;195m▗[38;2;0;89;99;48;2;0;15;16m▔[48;2;0;0;0m        [38;2;0;0;0;48;2;18;33;44m▃[38;2;0;1;2;48;2;21;40;53m▃[38;2;21;40;52;48;2;22;43;56m▏[38;2;3;6;9;48;2;21;41;53m▗[38;2;0;0;0;48;2;21;40;53m▃[38;2;10;21;28;48;2;0;0;0m▎[38;2;1;2;3;48;2;22;43;56m▋[38;2;21;40;53m▕[38;2;0;1;1;48;2;21;40;53m▃[38;2;0;0;0m▃[38;2;19;36;46;48;2;0;1;2m▘[48;2;0;0;0m [38;2;1;3;4;48;2;21;41;54m▍[38;2;13;25;33;48;2;23;43;56m▗[38;2;2;5;7;48;2;24;44;57m▄[38;2;11;21;28;48;2;20;40;52m▔[38;2;21;42;55;48;2;4;9;13m▖[48;2;0;0;0m [38;2;0;0;0;48;2;17;33;46m▊[38;2;21;42;55;48;2;24;44;57m▄[38;2;12;24;32;48;2;21;40;52m▕[38;2;8;17;23;48;2;0;0;0m▖[38;2;19;37;49;48;2;2;4;6m▗[38;2;18;35;49;48;2;22;43;56m▁[38;2;3;7;10m▕[48;2;0;0;0m [38;2;11;25;37m▕[38;2;21;42;55;48;2;24;44;57m▄[38;2;20;39;51;48;2;0;0;0m▍ [38;2;3;6;8;48;2;22;42;54m▎[38;2;22;42;55;48;2;2;4;5m▋[48;2;0;0;0m [38;2;19;36;47;48;2;1;2;4m▝[38;2;12;24;32;48;2;20;39;51m▁[38;2;20;40;52;48;2;3;7;10m▖[38;2;0;0;0;48;2;16;31;41m▘[38;2;5;11;15;48;2;22;42;54m▗[38;2;11;22;29;48;2;0;0;0m▘           [0m
[7m[38;2;0;0;0m [0m[38;2;0;0;0;48;2;0;0;0m  [38;2;0;1;1;48;2;0;16;17m▊[38;2;0;42;47;48;2;1;162;182m▍[38;2;6;69;85;48;2;7;46;61m▎[38;2;9;40;52;48;2;12;49;47m▊[38;2;24;104;42;48;2;32;143;36m▋[38;2;41;183;31;48;2;19;77;45m▆[38;2;45;199;31;48;2;20;81;51m▅[38;2;16;64;56;48;2;13;47;61m▎[38;2;11;47;64;48;2;12;43;60m▝[38;2;11;39;55;48;2;11;40;56m▕[38;2;10;39;55;48;2;10;36;51m▘[38;2;8;42;57;48;2;9;33;49m▍[38;2;6;60;75;48;2;3;155;176m▊[38;2;0;167;186;48;2;0;29;32m▍[38;2;0;5;5;48;2;0;0;0m▏ [38;2;0;73;83m▕[38;2;0;69;78m▎  [38;2;0;143;159;48;2;0;11;12m▕[38;2;0;204;227;48;2;0;208;232m▄[38;2;0;205;228;48;2;0;46;51m▋[38;2;0;5;5;48;2;0;0;0m▏[38;2;0;4;4m▕[38;2;0;12;14;48;2;0;158;176m▘[38;2;0;192;213;48;2;0;196;218m▕[38;2;0;191;212;48;2;0;63;71m▂[38;2;0;24;27;48;2;0;148;164m▘[38;2;0;188;209;48;2;0;193;214m▄[38;2;0;144;160;48;2;0;28;31m▌[38;2;0;1;1;48;2;0;0;0m▏ [38;2;0;33;36;48;2;0;1;1m▁[38;2;0;11;12;48;2;0;149;166m▘[38;2;0;135;149;48;2;0;178;198m▁[38;2;0;163;181;48;2;0;176;196m▁[38;2;0;168;187;48;2;0;48;53m▖[38;2;0;4;4;48;2;0;0;0m▁         [38;2;5;11;15m▕[38;2;14;31;42;48;2;18;38;51m▏[38;2;18;37;51;48;2;0;1;2m▍[48;2;0;0;0m  [38;2;0;1;3;48;2;18;38;51m▋[38;2;17;35;47m▕[38;2;0;1;2;48;2;15;32;43m▃[38;2;0;0;0m▃[38;2;9;19;26;48;2;0;0;0m▎ [38;2;1;3;4;48;2;17;36;49m▍[38;2;18;38;51;48;2;10;22;30m▊[38;2;13;28;38;48;2;0;0;1m▆[38;2;15;32;43;48;2;17;36;49m▏[38;2;11;22;31;48;2;1;2;3m▍[48;2;0;0;0m [38;2;0;0;0;48;2;14;29;42m▊[38;2;17;37;50;48;2;19;39;53m▄[38;2;17;34;45;48;2;5;10;14m▝[38;2;5;11;15;48;2;17;36;50m▝[38;2;10;21;29;48;2;16;33;45m▕[38;2;4;9;14;48;2;18;38;51m▋[38;2;3;6;9m▕[48;2;0;0;0m [38;2;8;19;33m▕[38;2;17;36;50;48;2;19;39;53m▄[38;2;17;34;47;48;2;0;0;0m▍ [38;2;2;5;8;48;2;18;37;50m▎[38;2;18;37;51;48;2;1;3;4m▋[48;2;0;0;0m  [38;2;1;3;5;48;2;12;25;34m▋[38;2;14;31;44;48;2;18;38;51m▁[38;2;12;26;36;48;2;18;37;50m▕[38;2;7;14;21;48;2;0;1;1m▎[48;2;0;0;0m            [0m
[7m[38;2;0;0;0m [0m[38;2;0;0;0;48;2;0;0;0m  [38;2;0;1;1;48;2;0;16;17m▊[38;2;0;42;47;48;2;1;163;183m▍[38;2;6;73;89;48;2;7;50;65m▎[38;2;9;36;52;48;2;7;72;89m▅[38;2;11;48;53;48;2;10;38;53m▔[38;2;15;63;49;48;2;32;133;42m▊[38;2;54;244;22;48;2;30;125;43m▋[38;2;18;74;51;48;2;13;53;58m▎[38;2;40;179;35;48;2;14;55;58m▁[38;2;12;47;54;48;2;11;39;55m▖[38;2;9;34;50;48;2;10;38;53m▁[38;2;7;84;102;48;2;8;38;54m▘[38;2;6;63;79;48;2;2;157;177m▊[38;2;0;167;186;48;2;0;29;32m▍[38;2;0;5;5;48;2;0;0;0m▏ [38;2;0;74;84m▕[38;2;0;70;78m▎  [38;2;0;3;4;48;2;0;108;120m▊[38;2;0;195;217;48;2;0;200;222m▄[48;2;0;42;47m▋[38;2;0;4;4;48;2;0;0;0m▏[38;2;0;171;190;48;2;0;30;33m▗[38;2;0;186;206;48;2;0;190;211m▏[38;2;0;7;8;48;2;0;152;169m▗[38;2;0;7;7;48;2;0;182;202m▅[48;2;0;180;200m▅[38;2;0;20;22;48;2;0;166;184m▖[38;2;0;145;161;48;2;0;178;198m▕[38;2;0;117;130;48;2;0;7;8m▖[38;2;0;79;88;48;2;0;1;1m▗[38;2;0;47;52;48;2;0;166;184m▘[38;2;0;73;81;48;2;0;170;189m▗[38;2;0;110;122;48;2;0;7;7m▘[38;2;0;148;164;48;2;0;21;23m▝[38;2;0;121;134;48;2;0;166;184m▂[38;2;0;13;14;48;2;0;137;152m▝[38;2;0;40;44;48;2;0;3;3m▁[48;2;0;0;0m  [38;2;15;18;20m▔[38;2;77;94;104;48;2;2;3;4m▔[38;2;45;55;61;48;2;1;2;2m▔[48;2;0;0;0m   [38;2;3;8;12m▕[38;2;0;0;0;48;2;13;31;46m▁[38;2;12;28;40;48;2;0;1;1m▍[48;2;0;0;0m  [38;2;0;1;2;48;2;12;28;41m▋[38;2;0;0;0;48;2;14;32;46m▁[38;2;10;23;35;48;2;0;0;1m▆[48;2;0;0;0m▆[38;2;7;17;25m▌ [38;2;1;2;3;48;2;11;27;39m▍[38;2;12;28;40;48;2;2;5;7m▊[48;2;0;0;0m [38;2;0;0;0;48;2;10;22;33m▖[48;2;11;27;39m▁[38;2;3;8;12;48;2;0;0;1m▏[38;2;0;0;0;48;2;9;21;33m▊[48;2;14;32;47m▁[38;2;10;23;35;48;2;0;1;1m▏[38;2;0;0;0;48;2;9;21;30m▅[38;2;8;18;26;48;2;0;0;0m▘[38;2;0;0;0;48;2;10;24;36m▌[48;2;12;29;42m▁[48;2;0;0;0m [38;2;0;1;2m▕[38;2;1;3;5;48;2;12;27;40m▃[48;2;11;25;37m▁[38;2;11;27;39;48;2;1;2;4m▅[38;2;3;7;11;48;2;13;31;45m▂[38;2;13;30;43;48;2;0;1;2m▘[48;2;0;0;0m [38;2;9;22;33;48;2;2;4;7m▗[38;2;0;0;0;48;2;12;29;42m▁[38;2;11;24;35;48;2;0;1;1m▘[38;2;14;32;45;48;2;2;5;8m▝[38;2;0;0;0;48;2;12;28;41m▁[38;2;7;17;26;48;2;0;0;1m▖[48;2;0;0;0m           [0m
[7m[38;2;0;0;0m [0m[38;2;0;0;0;48;2;0;0;0m  [38;2;0;1;1;48;2;0;13;15m▊[38;2;0;48;54;48;2;0;174;195m▍[38;2;2;149;170;48;2;6;60;76m▁[38;2;7;55;71;48;2;8;35;50m▂[38;2;9;34;50;48;2;9;33;49m▕[38;2;16;63;49;48;2;10;39;50m▔[38;2;41;182;34;48;2;12;50;51m▔[38;2;10;37;52;48;2;14;52;51m▅[38;2;40;180;36;48;2;12;49;51m▔[38;2;12;42;50;48;2;9;35;50m▔[38;2;8;40;55;48;2;9;32;48m▁[38;2;6;61;77;48;2;7;36;52m▂[38;2;5;83;100;48;2;1;173;195m▊[38;2;0;174;193;48;2;0;32;35m▍[38;2;0;4;4;48;2;0;0;0m▏ [38;2;0;74;84m▕[38;2;0;70;78m▎ [38;2;0;6;7;48;2;0;132;147m▌[38;2;0;182;202;48;2;0;93;104m▆[38;2;0;65;73;48;2;0;188;207m▂[38;2;0;168;187;48;2;0;41;42m▘[38;2;0;22;22;48;2;0;21;21m▏[38;2;0;26;25;48;2;0;24;23m▕[38;2;0;25;23;48;2;0;26;24m▕[38;2;0;24;22;48;2;0;22;18m▏[48;2;1;21;17m [38;2;1;21;16;48;2;1;21;15m▏[38;2;1;24;18;48;2;1;22;16m▕[38;2;1;25;18;48;2;1;25;19m▕[38;2;1;24;18;48;2;1;22;14m▏[38;2;1;20;12m▏[48;2;1;24;16m [38;2;1;24;15;48;2;1;21;12m▏[48;2;1;19;9m [38;2;1;19;9;48;2;1;19;8m▏[38;2;2;20;9;48;2;2;22;11m▏[38;2;2;22;10;48;2;2;23;12m▕[38;2;2;21;10;48;2;2;19;7m▏[48;2;2;18;6m [38;2;2;18;5;48;2;2;17;5m▏[38;2;2;17;5;48;2;2;17;4m▏[38;2;2;17;3m▕[48;2;2;16;3m▏ [48;2;2;16;2m [48;2;2;15;2m [48;2;2;15;1m  [48;2;2;14;1m [38;2;2;13;1;48;2;2;14;0m▕[48;2;2;13;1m [48;2;2;12;1m▏ [38;2;2;11;1;48;2;1;11;1m▏[38;2;1;11;1;48;2;1;10;1m▏[48;2;1;10;2m [38;2;1;10;2;48;2;1;9;2m▏ [48;2;1;8;2m  [48;2;1;7;2m [38;2;1;7;2;48;2;0;7;2m▏[48;2;0;6;2m  [38;2;0;6;2;48;2;0;5;2m▏ [38;2;0;5;2;48;2;0;4;2m▏ [38;2;0;4;2;48;2;0;3;2m▏  [38;2;0;2;2;48;2;0;2;1m▏ [38;2;0;2;1;48;2;0;1;1m▏  [38;2;0;0;0m▕[48;2;0;0;0m                  [0m
[7m[38;2;0;0;0m [0m[38;2;0;0;0;48;2;0;0;0m  [38;2;0;1;1m▔[38;2;0;48;54;48;2;0;4;4m▔[38;2;0;15;17;48;2;0;152;169m▆[38;2;0;30;33;48;2;2;134;153m▄[38;2;0;132;148;48;2;4;81;96m▗[38;2;1;167;188;48;2;7;56;72m▂[38;2;6;82;99;48;2;8;43;59m▁[38;2;7;72;89;48;2;7;51;66m▘[38;2;4;118;137;48;2;8;47;63m▁[38;2;1;152;170;48;2;7;54;69m▃[38;2;0;118;132;48;2;3;83;97m▖[38;2;0;17;19;48;2;1;137;154m▄[38;2;0;9;10;48;2;0;115;128m▆[38;2;0;30;33;48;2;0;2;2m▔[48;2;0;0;0m  [38;2;0;73;83m▕[38;2;0;69;78m▎[38;2;1;4;0m▕[38;2;22;105;8;48;2;0;4;2m▂[38;2;0;58;65;48;2;0;7;8m▃[38;2;0;43;48;48;2;0;6;7m▂[38;2;0;37;41m▁[38;2;0;49;54;48;2;0;7;7m▂[38;2;0;50;54;48;2;0;0;0m▂[38;2;0;44;48m▗[38;2;0;25;27;48;2;0;3;3m▕[38;2;0;41;44;48;2;0;1;1m▂[38;2;0;40;42m▂[48;2;0;0;0m [38;2;0;38;40;48;2;0;1;1m▗[38;2;0;46;48;48;2;0;4;4m▂[38;2;0;44;45;48;2;0;0;0m▖[38;2;0;43;44m▂ [38;2;0;43;43m▗[38;2;0;20;19;48;2;0;4;4m▕[38;2;0;31;30;48;2;0;1;0m▖[38;2;0;52;50;48;2;0;1;1m▂[38;2;0;31;29;48;2;0;3;3m▗[38;2;0;53;50;48;2;0;0;0m▗[38;2;0;18;17;48;2;0;2;2m▏[38;2;0;22;20;48;2;0;6;5m▏[38;2;0;35;32;48;2;0;2;2m▖[48;2;0;0;0m [38;2;0;14;12;48;2;0;1;0m▕[38;2;0;9;8;48;2;0;0;0m▏ [38;2;0;2;2;48;2;0;18;14m▕[38;2;2;51;41;48;2;0;1;0m▂[38;2;1;27;21;48;2;0;4;3m▁[38;2;1;19;14;48;2;0;6;4m▕[38;2;4;49;35;48;2;0;1;1m▂[38;2;3;38;27;48;2;0;0;0m▂[38;2;4;33;21m▂[38;2;0;7;5m▏[38;2;0;6;2m▕[38;2;9;55;31;48;2;0;2;1m▖[38;2;9;47;25;48;2;0;1;0m▂[38;2;7;36;18;48;2;0;2;1m▂[38;2;8;37;19;48;2;1;6;2m▏[38;2;4;14;7;48;2;1;4;2m▏[38;2;11;46;20;48;2;0;1;0m▂[38;2;6;24;9;48;2;0;3;1m▂[38;2;6;20;7;48;2;1;6;2m▁[38;2;17;48;18;48;2;0;2;0m▏[48;2;0;0;0m                               [0m
[7m[38;2;0;0;0m [0m[38;2;0;0;0;48;2;0;0;0m     [38;2;0;1;1m▔[38;2;0;18;19;48;2;0;1;1m▔[38;2;0;108;120;48;2;0;11;12m▔[38;2;0;23;25;48;2;1;152;171m▅[38;2;0;18;19;48;2;1;142;161m▃[38;2;0;12;13;48;2;0;139;155m▅[38;2;0;63;70;48;2;0;7;7m▔[38;2;0;10;11;48;2;0;0;0m▔     [38;2;0;48;55m▕[38;2;0;46;52m▎[38;2;0;1;0m▕[38;2;3;19;0m▔[38;2;0;30;33;48;2;0;0;1m▔[38;2;0;43;47;48;2;0;1;2m▔[38;2;0;33;37;48;2;0;1;1m▔[38;2;0;49;53;48;2;0;3;3m▔[38;2;0;54;59m▔[38;2;0;23;25;48;2;0;1;1m▔[38;2;0;24;26;48;2;0;2;2m▔[38;2;0;32;35m▔[38;2;0;22;23;48;2;0;0;0m▔ [38;2;0;35;36;48;2;0;2;2m▔[38;2;0;42;44;48;2;0;1;1m▔[38;2;0;6;7;48;2;0;2;2m▏[38;2;0;40;40;48;2;0;1;1m▔[48;2;0;0;0m [38;2;0;22;22m▔[38;2;0;19;18;48;2;0;1;1m▔[38;2;0;28;28;48;2;0;2;2m▔[38;2;0;49;47m▔[38;2;0;19;18;48;2;0;1;1m▔[38;2;0;24;22;48;2;0;0;0m▔[48;2;0;1;1m▔[38;2;0;21;20;48;2;0;2;2m▔[38;2;0;19;17;48;2;0;1;1m▔[48;2;0;0;0m    [38;2;0;22;19m▔[38;2;0;22;18;48;2;0;2;1m▔[38;2;1;17;14;48;2;0;0;0m▔[38;2;1;12;9m▔[38;2;3;43;31;48;2;0;1;0m▔[38;2;5;46;31;48;2;0;2;1m▔[38;2;4;35;23;48;2;0;0;0m▔[38;2;0;9;5m▏[38;2;1;9;5m▕[38;2;5;30;17m▔[38;2;7;39;20;48;2;0;1;0m▔[38;2;6;32;16;48;2;0;2;0m▔[38;2;7;31;15;48;2;0;1;0m▔[38;2;1;4;2;48;2;0;0;0m▔[38;2;11;44;19;48;2;0;2;0m▔[38;2;5;21;7;48;2;0;3;0m▔[38;2;7;24;8;48;2;0;1;0m▔[38;2;7;21;7;48;2;0;0;0m▔                               [0m
[38;2;0;28;32;48;2;0;2;2m▗[48;2;0;0;0m                  [38;2;0;7;9m▕[38;2;0;14;17m▏                                                                              [38;2;0;28;32;48;2;0;2;2m▖[0m
[38;2;0;0;0;48;2;0;26;30m▋[48;2;0;7;8m  [38;2;0;6;7;48;2;0;0;0m▏                                                                                            ▕[48;2;0;7;8m  [38;2;0;26;30;48;2;0;0;0m▍[0m
